pos/1.jpg 1 0 0 160 198
pos/2.jpg 1 0 0 200 133
pos/3.jpg 1 0 0 1200 800
pos/4.jpg 1 0 0 1200 800
pos/5.jpg 1 0 0 1200 1200
pos/6.jpg 1 0 0 2000 1333
pos/7.jpg 1 0 0 600 400
pos/8.jpg 1 0 0 199 222 2 256 0 123 225
pos/9.jpg 1 81 15 201 242
pos/10.jpg 1 0 98 196 173 2 328 138 597 342 
pos/11.jpg 1 0 0 400 186
pos/12.jpg 1 0 0 225 94
pos/13.jpg 1 0 0 1600 1000
pos/14.jpg 1 189 179 388 376 2 405 59 590 211 3 68 34 135 132 4 122 75 189 173
pos/15.jpg 1 321 63 638 414
pos/16.jpg 1 0 0 417 313
pos/17.jpg 1 0 0 152 96
pos/18.jpg 1 150 62 565 480
pos/19.jpg 1 121 31 259 165
pos/20.jpg 1 56 13 220 129
pos/21.jpg 1 183 123 244 168 2 161 45 202 75
pos/22.jpg 1 0 0 168 165
pos/23.jpg 1 55 0 191 138
pos/24.jpg 1 0 0 225 255
pos/25.jpg 1 386 0 622 176 2 245 0 282 27 3 0 0 205 156 4 192 87 286 289
pos/26.jpg 1 104 59 325 176
pos/27.jpg 1 398 170 453 218 
pos/28.jpg 1 0 0 400 266
pos/29.jpg 1 251 254 545 542 2 597 216 746 362 3 753 311 921 405 4 512 326 615 434 5 651 381 755 471
pos/30.jpg 1 282 160 338 214 2 477 188 544 255
pos/31.jpg 1 0 0 400 163
pos/32.jpg 1 429 27 548 141
pos/33.jpg 1 0 0 365 348
pos/34.jpg 1 700 31 960 195 2 703 203 963 400
pos/35.jpg 1 0 0 900 600
